1 0.677344 0.870117 0.007812 0.029297
1 0.682813 0.877930 0.009375 0.029297
1 0.689844 0.885742 0.007812 0.029297
1 0.696875 0.881836 0.009375 0.033203
1 0.753125 0.678711 0.009375 0.029297
1 0.742969 0.667969 0.010937 0.023438
1 0.770312 0.656250 0.012500 0.023438
1 0.781250 0.675781 0.009375 0.027344
1 0.791406 0.673828 0.010937 0.027344
1 0.826562 0.650391 0.009375 0.031250
1 0.860938 0.665039 0.009375 0.029297
1 0.864062 0.690430 0.009375 0.029297
1 0.866406 0.668945 0.010937 0.025391
1 0.732812 0.726562 0.015625 0.027344
1 0.728125 0.703125 0.015625 0.027344
1 0.708594 0.671875 0.010937 0.027344
1 0.686719 0.654297 0.010937 0.027344
1 0.690625 0.643555 0.012500 0.029297
1 0.721875 0.639648 0.015625 0.025391
1 0.587500 0.623047 0.015625 0.031250
1 0.550781 0.581055 0.010937 0.025391
1 0.571094 0.586914 0.010937 0.033203
1 0.571875 0.556641 0.009375 0.031250
1 0.583594 0.528320 0.010937 0.033203
1 0.595313 0.524414 0.012500 0.033203
1 0.824219 0.453125 0.010937 0.031250
1 0.830469 0.449219 0.010937 0.027344
1 0.907031 0.423828 0.010937 0.027344
1 0.912500 0.419922 0.009375 0.031250
1 0.926562 0.428711 0.009375 0.025391
1 0.941406 0.430664 0.007812 0.025391
1 0.944531 0.430664 0.007812 0.029297
1 0.929688 0.372070 0.009375 0.021484
1 0.913281 0.372070 0.007812 0.021484
1 0.916406 0.369141 0.007812 0.023438
1 0.915625 0.326172 0.009375 0.019531
1 0.918750 0.328125 0.006250 0.019531
1 0.940625 0.334961 0.009375 0.021484
1 0.962500 0.319336 0.009375 0.021484
1 0.971875 0.325195 0.009375 0.025391
1 0.968750 0.293945 0.009375 0.021484
1 0.983594 0.283203 0.007812 0.027344
1 0.967969 0.231445 0.007812 0.021484
1 0.981250 0.236328 0.009375 0.027344
1 0.830469 0.271484 0.010937 0.023438
1 0.857031 0.285156 0.007812 0.023438
1 0.864062 0.287109 0.006250 0.027344
1 0.871875 0.285156 0.006250 0.027344
1 0.875781 0.266602 0.007812 0.025391
1 0.878125 0.270508 0.006250 0.021484
1 0.888281 0.271484 0.007812 0.023438
1 0.800781 0.377930 0.007812 0.021484
1 0.805469 0.374023 0.004687 0.021484
1 0.810937 0.375000 0.006250 0.019531
1 0.815625 0.375977 0.006250 0.025391
1 0.818750 0.377930 0.006250 0.025391
1 0.703906 0.372070 0.010937 0.025391
1 0.628906 0.350586 0.010937 0.025391
1 0.685156 0.307617 0.007812 0.025391
1 0.688281 0.308594 0.007812 0.027344
1 0.658594 0.390625 0.007812 0.031250
1 0.651563 0.385742 0.009375 0.025391
1 0.648438 0.372070 0.009375 0.021484
1 0.635156 0.371094 0.007812 0.023438
1 0.698438 0.248047 0.006250 0.023438
1 0.704688 0.247070 0.006250 0.021484
1 0.722656 0.239258 0.010937 0.013672
1 0.735938 0.214844 0.006250 0.023438
1 0.740625 0.215820 0.006250 0.025391
1 0.746875 0.217773 0.006250 0.021484
1 0.743750 0.184570 0.006250 0.017578
1 0.749219 0.186523 0.007812 0.017578
1 0.832031 0.087891 0.007812 0.019531
1 0.886719 0.146484 0.007812 0.023438
1 0.891406 0.146484 0.007812 0.023438
1 0.896094 0.115234 0.004687 0.023438
1 0.900000 0.113281 0.006250 0.023438
1 0.904687 0.115234 0.009375 0.019531
1 0.939844 0.193359 0.007812 0.019531
1 0.945312 0.192383 0.006250 0.017578
1 0.389844 0.436523 0.010937 0.025391
1 0.151562 0.465820 0.012500 0.025391
1 0.710938 0.696289 0.012500 0.029297
1 0.997656 0.278320 0.004687 0.017578
1 0.735156 0.237305 0.007812 0.017578
1 0.640625 0.372070 0.009375 0.025391
