1 0.677344 0.856445 0.007812 0.029297
1 0.682813 0.862305 0.009375 0.029297
1 0.689844 0.872070 0.007812 0.029297
1 0.696875 0.866211 0.009375 0.033203
1 0.751563 0.665039 0.009375 0.029297
1 0.742969 0.656250 0.010937 0.023438
1 0.756250 0.640625 0.012500 0.023438
1 0.779687 0.664062 0.009375 0.031250
1 0.788281 0.660156 0.010937 0.027344
1 0.822656 0.641602 0.010937 0.033203
1 0.853125 0.661133 0.009375 0.029297
1 0.862500 0.661133 0.009375 0.029297
1 0.865625 0.647461 0.012500 0.025391
1 0.720313 0.710938 0.012500 0.027344
1 0.715625 0.684570 0.009375 0.025391
1 0.703906 0.658203 0.010937 0.027344
1 0.686719 0.642578 0.010937 0.027344
1 0.689063 0.631836 0.012500 0.029297
1 0.710938 0.625977 0.015625 0.025391
1 0.587500 0.611328 0.015625 0.031250
1 0.552344 0.571289 0.010937 0.025391
1 0.571094 0.579102 0.010937 0.033203
1 0.571875 0.546875 0.009375 0.031250
1 0.583594 0.518555 0.010937 0.033203
1 0.595313 0.514648 0.012500 0.033203
1 0.824219 0.453125 0.010937 0.027344
1 0.832031 0.451172 0.010937 0.027344
1 0.903906 0.416016 0.010937 0.027344
1 0.909375 0.412109 0.009375 0.031250
1 0.926562 0.422852 0.009375 0.025391
1 0.939844 0.422852 0.007812 0.025391
1 0.944531 0.430664 0.007812 0.029297
1 0.931250 0.366211 0.009375 0.021484
1 0.911719 0.366211 0.007812 0.021484
1 0.916406 0.363281 0.007812 0.023438
1 0.914062 0.322266 0.009375 0.019531
1 0.917188 0.324219 0.006250 0.019531
1 0.942187 0.334961 0.009375 0.021484
1 0.996094 0.349609 0.007812 0.023438
1 0.962500 0.319336 0.009375 0.021484
1 0.970313 0.319336 0.009375 0.025391
1 0.971875 0.284180 0.009375 0.021484
1 0.985156 0.271484 0.007812 0.027344
1 0.972656 0.236328 0.007812 0.023438
1 0.981250 0.236328 0.009375 0.027344
1 0.830469 0.271484 0.010937 0.023438
1 0.857031 0.279297 0.007812 0.023438
1 0.864062 0.281250 0.006250 0.027344
1 0.871875 0.281250 0.006250 0.027344
1 0.875781 0.262695 0.007812 0.025391
1 0.878125 0.266602 0.006250 0.021484
1 0.885156 0.265625 0.007812 0.023438
1 0.800781 0.374023 0.007812 0.021484
1 0.805469 0.370117 0.004687 0.021484
1 0.810937 0.367188 0.006250 0.019531
1 0.815625 0.372070 0.006250 0.025391
1 0.818750 0.374023 0.006250 0.025391
1 0.708594 0.362305 0.010937 0.025391
1 0.630469 0.340820 0.010937 0.025391
1 0.683594 0.301758 0.007812 0.025391
1 0.688281 0.306641 0.007812 0.027344
1 0.660156 0.386719 0.010937 0.027344
1 0.651563 0.385742 0.009375 0.025391
1 0.648438 0.372070 0.009375 0.021484
1 0.633594 0.369141 0.007812 0.023438
1 0.700000 0.236328 0.006250 0.023438
1 0.707812 0.235352 0.006250 0.021484
1 0.721875 0.231445 0.006250 0.013672
1 0.731250 0.214844 0.006250 0.023438
1 0.735938 0.215820 0.006250 0.025391
1 0.742188 0.217773 0.006250 0.021484
1 0.745313 0.180664 0.006250 0.017578
1 0.750781 0.180664 0.007812 0.017578
1 0.828906 0.085938 0.007812 0.019531
1 0.885156 0.140625 0.007812 0.023438
1 0.889844 0.140625 0.007812 0.023438
1 0.892969 0.113281 0.004687 0.023438
1 0.896875 0.111328 0.006250 0.023438
1 0.903906 0.113281 0.007812 0.019531
1 0.932031 0.186523 0.004687 0.021484
1 0.937500 0.183594 0.009375 0.019531
1 0.398438 0.420898 0.009375 0.025391
1 0.143750 0.463867 0.012500 0.025391
1 0.704688 0.680664 0.009375 0.025391
1 0.641406 0.368164 0.007812 0.013672
1 0.997656 0.276367 0.004687 0.017578
