1 0.677344 0.854492 0.007812 0.029297
1 0.682813 0.862305 0.009375 0.029297
1 0.691406 0.872070 0.007812 0.029297
1 0.698438 0.866211 0.009375 0.033203
1 0.753125 0.665039 0.009375 0.029297
1 0.742969 0.656250 0.010937 0.023438
1 0.746875 0.637695 0.018750 0.029297
1 0.779687 0.664062 0.009375 0.031250
1 0.788281 0.660156 0.010937 0.027344
1 0.818750 0.640625 0.009375 0.031250
1 0.850000 0.663086 0.009375 0.029297
1 0.856250 0.663086 0.009375 0.029297
1 0.861719 0.647461 0.010937 0.025391
1 0.871875 0.613281 0.012500 0.027344
1 0.707031 0.702148 0.010937 0.025391
1 0.708594 0.684570 0.010937 0.029297
1 0.703906 0.664062 0.014063 0.027344
1 0.688281 0.642578 0.010937 0.027344
1 0.692969 0.631836 0.010937 0.029297
1 0.699219 0.618164 0.010937 0.029297
1 0.586719 0.610352 0.017188 0.033203
1 0.557031 0.568359 0.010937 0.031250
1 0.571094 0.579102 0.010937 0.033203
1 0.571875 0.546875 0.009375 0.031250
1 0.583594 0.518555 0.010937 0.033203
1 0.595313 0.514648 0.012500 0.033203
1 0.828125 0.455078 0.009375 0.027344
1 0.835156 0.453125 0.007812 0.027344
1 0.900000 0.416016 0.009375 0.031250
1 0.908594 0.412109 0.007812 0.031250
1 0.935156 0.428711 0.010937 0.025391
1 0.939063 0.422852 0.006250 0.025391
1 0.949219 0.431641 0.007812 0.027344
1 0.932813 0.366211 0.009375 0.021484
1 0.911719 0.366211 0.007812 0.021484
1 0.917188 0.362305 0.006250 0.021484
1 0.912500 0.322266 0.009375 0.019531
1 0.927344 0.328125 0.007812 0.023438
1 0.953906 0.340820 0.007812 0.021484
1 0.996094 0.357422 0.007812 0.023438
1 0.965625 0.319336 0.006250 0.021484
1 0.971094 0.317383 0.007812 0.025391
1 0.979688 0.275391 0.009375 0.023438
1 0.996094 0.268555 0.007812 0.025391
1 0.973437 0.236328 0.006250 0.023438
1 0.982812 0.238281 0.009375 0.027344
1 0.832812 0.280273 0.009375 0.021484
1 0.857031 0.279297 0.007812 0.023438
1 0.864062 0.281250 0.006250 0.027344
1 0.871875 0.281250 0.006250 0.027344
1 0.875781 0.262695 0.007812 0.025391
1 0.879687 0.268555 0.006250 0.021484
1 0.886719 0.265625 0.007812 0.023438
1 0.800781 0.374023 0.007812 0.021484
1 0.805469 0.370117 0.004687 0.021484
1 0.810937 0.367188 0.006250 0.019531
1 0.815625 0.372070 0.006250 0.025391
1 0.823438 0.372070 0.009375 0.029297
1 0.717969 0.356445 0.010937 0.025391
1 0.637500 0.332031 0.009375 0.027344
1 0.683594 0.301758 0.007812 0.025391
1 0.688281 0.306641 0.007812 0.027344
1 0.664844 0.388672 0.010937 0.027344
1 0.655469 0.386719 0.010937 0.027344
1 0.649219 0.378906 0.007812 0.027344
1 0.642969 0.372070 0.004687 0.013672
1 0.635156 0.372070 0.007812 0.025391
1 0.703125 0.232422 0.006250 0.023438
1 0.709375 0.233398 0.006250 0.021484
1 0.721875 0.231445 0.006250 0.013672
1 0.728125 0.218750 0.006250 0.023438
1 0.733594 0.214844 0.007812 0.027344
1 0.739062 0.219727 0.006250 0.021484
1 0.750000 0.175781 0.009375 0.019531
1 0.755469 0.176758 0.007812 0.021484
1 0.830469 0.085938 0.007812 0.019531
1 0.885156 0.140625 0.007812 0.023438
1 0.889844 0.140625 0.007812 0.023438
1 0.892969 0.113281 0.004687 0.023438
1 0.897656 0.110352 0.004687 0.021484
1 0.906250 0.112305 0.006250 0.017578
1 0.930469 0.183594 0.007812 0.019531
1 0.935937 0.181641 0.006250 0.023438
1 0.405469 0.416992 0.010937 0.025391
1 0.129688 0.463867 0.012500 0.025391
