1 0.677344 0.856445 0.007812 0.029297
1 0.682813 0.862305 0.009375 0.029297
1 0.689844 0.874023 0.007812 0.029297
1 0.696875 0.870117 0.009375 0.033203
1 0.751563 0.668945 0.009375 0.029297
1 0.742969 0.658203 0.010937 0.023438
1 0.765625 0.646484 0.012500 0.023438
1 0.779687 0.666016 0.009375 0.027344
1 0.789844 0.664062 0.010937 0.027344
1 0.825781 0.643555 0.010937 0.033203
1 0.854688 0.661133 0.009375 0.029297
1 0.862500 0.676758 0.009375 0.029297
1 0.865625 0.661133 0.012500 0.025391
1 0.725000 0.716797 0.015625 0.027344
1 0.723437 0.695312 0.015625 0.027344
1 0.707031 0.662109 0.010937 0.027344
1 0.686719 0.644531 0.010937 0.027344
1 0.690625 0.635742 0.012500 0.029297
1 0.717187 0.629883 0.015625 0.025391
1 0.587500 0.615234 0.015625 0.031250
1 0.552344 0.571289 0.010937 0.025391
1 0.571094 0.579102 0.010937 0.033203
1 0.571875 0.546875 0.009375 0.031250
1 0.583594 0.518555 0.010937 0.033203
1 0.595313 0.514648 0.012500 0.033203
1 0.824219 0.451172 0.010937 0.027344
1 0.830469 0.449219 0.010937 0.027344
1 0.905469 0.417969 0.010937 0.027344
1 0.909375 0.416016 0.009375 0.031250
1 0.926562 0.422852 0.009375 0.025391
1 0.939844 0.422852 0.007812 0.025391
1 0.944531 0.430664 0.007812 0.029297
1 0.929688 0.370117 0.009375 0.021484
1 0.913281 0.368164 0.007812 0.021484
1 0.916406 0.363281 0.007812 0.023438
1 0.915625 0.322266 0.009375 0.019531
1 0.917188 0.324219 0.006250 0.019531
1 0.940625 0.333008 0.009375 0.021484
1 0.996094 0.349609 0.007812 0.023438
1 0.962500 0.319336 0.009375 0.021484
1 0.970313 0.319336 0.009375 0.025391
1 0.971875 0.284180 0.009375 0.021484
1 0.985156 0.275391 0.007812 0.027344
1 0.971094 0.234375 0.010937 0.027344
1 0.981250 0.236328 0.009375 0.027344
1 0.830469 0.271484 0.010937 0.023438
1 0.857031 0.279297 0.007812 0.023438
1 0.864062 0.281250 0.006250 0.027344
1 0.871875 0.281250 0.006250 0.027344
1 0.875781 0.262695 0.007812 0.025391
1 0.878125 0.266602 0.006250 0.021484
1 0.885156 0.265625 0.007812 0.023438
1 0.800781 0.374023 0.007812 0.021484
1 0.805469 0.370117 0.004687 0.021484
1 0.810937 0.367188 0.006250 0.019531
1 0.815625 0.372070 0.006250 0.025391
1 0.818750 0.374023 0.006250 0.025391
1 0.707031 0.366211 0.010937 0.025391
1 0.628906 0.344727 0.010937 0.025391
1 0.685156 0.303711 0.007812 0.025391
1 0.688281 0.306641 0.007812 0.027344
1 0.660156 0.386719 0.010937 0.027344
1 0.651563 0.385742 0.009375 0.025391
1 0.648438 0.372070 0.009375 0.021484
1 0.633594 0.369141 0.007812 0.023438
1 0.700000 0.236328 0.006250 0.023438
1 0.707812 0.235352 0.006250 0.021484
1 0.721875 0.231445 0.006250 0.013672
1 0.732812 0.214844 0.006250 0.023438
1 0.735938 0.215820 0.006250 0.025391
1 0.742188 0.217773 0.006250 0.021484
1 0.745313 0.180664 0.006250 0.017578
1 0.749219 0.182617 0.007812 0.017578
1 0.830469 0.085938 0.007812 0.019531
1 0.885156 0.140625 0.007812 0.023438
1 0.889844 0.140625 0.007812 0.023438
1 0.892969 0.113281 0.004687 0.023438
1 0.896875 0.111328 0.006250 0.023438
1 0.903906 0.113281 0.007812 0.019531
1 0.937500 0.192383 0.006250 0.021484
1 0.942187 0.188477 0.006250 0.017578
1 0.394531 0.427734 0.010937 0.027344
1 0.148438 0.463867 0.012500 0.025391
1 0.707812 0.684570 0.012500 0.029297
1 0.641406 0.368164 0.007812 0.013672
1 0.997656 0.276367 0.004687 0.017578
