1 0.678906 0.893555 0.007812 0.029297
1 0.685937 0.897461 0.009375 0.029297
1 0.692969 0.903320 0.007812 0.029297
1 0.700781 0.900391 0.007812 0.027344
1 0.753125 0.678711 0.009375 0.029297
1 0.742969 0.681641 0.010937 0.023438
1 0.775000 0.671875 0.012500 0.023438
1 0.782813 0.693359 0.009375 0.027344
1 0.792969 0.689453 0.010937 0.027344
1 0.831250 0.662109 0.009375 0.031250
1 0.862500 0.678711 0.009375 0.029297
1 0.868750 0.708008 0.009375 0.029297
1 0.871094 0.680664 0.010937 0.025391
1 0.740625 0.748047 0.015625 0.027344
1 0.734375 0.718750 0.015625 0.027344
1 0.711719 0.687500 0.010937 0.027344
1 0.689844 0.669922 0.010937 0.027344
1 0.692187 0.657227 0.012500 0.029297
1 0.729688 0.657227 0.015625 0.025391
1 0.587500 0.636719 0.015625 0.031250
1 0.549219 0.594727 0.010937 0.025391
1 0.571094 0.596680 0.010937 0.033203
1 0.571875 0.566406 0.009375 0.031250
1 0.585156 0.540039 0.010937 0.033203
1 0.595313 0.536133 0.012500 0.033203
1 0.825781 0.460938 0.010937 0.031250
1 0.835156 0.455078 0.010937 0.027344
1 0.913281 0.437500 0.010937 0.027344
1 0.914062 0.427734 0.009375 0.031250
1 0.926562 0.438477 0.009375 0.025391
1 0.946094 0.444336 0.007812 0.025391
1 0.950781 0.446289 0.007812 0.029297
1 0.928125 0.381836 0.009375 0.021484
1 0.916406 0.377930 0.007812 0.021484
1 0.922656 0.380859 0.007812 0.023438
1 0.919531 0.335938 0.004687 0.019531
1 0.923438 0.335938 0.006250 0.019531
1 0.939063 0.340820 0.009375 0.021484
1 0.964063 0.333008 0.009375 0.021484
1 0.975000 0.334961 0.009375 0.025391
1 0.970313 0.303711 0.009375 0.021484
1 0.983594 0.292969 0.010937 0.023438
1 0.971094 0.235352 0.007812 0.021484
1 0.981250 0.242188 0.009375 0.027344
1 0.832031 0.273438 0.010937 0.023438
1 0.860156 0.291016 0.007812 0.023438
1 0.867188 0.294922 0.006250 0.027344
1 0.873437 0.292969 0.006250 0.027344
1 0.878906 0.274414 0.007812 0.025391
1 0.884375 0.278320 0.006250 0.021484
1 0.891406 0.277344 0.007812 0.023438
1 0.803906 0.387695 0.007812 0.021484
1 0.810156 0.383789 0.004687 0.021484
1 0.814063 0.382812 0.006250 0.019531
1 0.817187 0.385742 0.006250 0.025391
1 0.820312 0.391602 0.006250 0.025391
1 0.703906 0.383789 0.010937 0.025391
1 0.627344 0.364258 0.010937 0.025391
1 0.686719 0.313477 0.007812 0.025391
1 0.691406 0.320312 0.007812 0.027344
1 0.658594 0.398438 0.007812 0.031250
1 0.650781 0.399414 0.010937 0.017578
1 0.651563 0.375977 0.009375 0.021484
1 0.636719 0.375000 0.007812 0.023438
1 0.698438 0.253906 0.006250 0.023438
1 0.704688 0.252930 0.006250 0.021484
1 0.725781 0.243164 0.010937 0.013672
1 0.739062 0.218750 0.006250 0.023438
1 0.745313 0.217773 0.006250 0.025391
1 0.750000 0.221680 0.006250 0.021484
1 0.743750 0.194336 0.006250 0.017578
1 0.749219 0.194336 0.007812 0.017578
1 0.833594 0.089844 0.007812 0.019531
1 0.888281 0.148438 0.007812 0.023438
1 0.894531 0.150391 0.007812 0.023438
1 0.899219 0.117188 0.004687 0.023438
1 0.903125 0.117188 0.006250 0.023438
1 0.907813 0.119141 0.009375 0.019531
1 0.944531 0.199219 0.007812 0.019531
1 0.950000 0.200195 0.006250 0.017578
1 0.388281 0.452148 0.010937 0.025391
1 0.154688 0.475586 0.012500 0.025391
1 0.712500 0.711914 0.012500 0.029297
1 0.997656 0.290039 0.004687 0.017578
1 0.735156 0.237305 0.007812 0.017578
1 0.640625 0.372070 0.009375 0.025391
