1 0.682031 0.909180 0.007812 0.029297
1 0.689063 0.916992 0.009375 0.029297
1 0.696094 0.920898 0.007812 0.029297
1 0.703906 0.921875 0.007812 0.027344
1 0.753125 0.704102 0.009375 0.029297
1 0.741406 0.697266 0.010937 0.023438
1 0.775000 0.685547 0.012500 0.023438
1 0.787500 0.708984 0.009375 0.027344
1 0.796094 0.707031 0.010937 0.027344
1 0.834375 0.673828 0.009375 0.031250
1 0.870313 0.692383 0.009375 0.029297
1 0.871875 0.727539 0.009375 0.029297
1 0.875781 0.692383 0.010937 0.025391
1 0.748437 0.765625 0.015625 0.027344
1 0.740625 0.732422 0.015625 0.027344
1 0.710156 0.703125 0.010937 0.027344
1 0.692969 0.685547 0.010937 0.027344
1 0.695312 0.672852 0.012500 0.029297
1 0.734375 0.674805 0.015625 0.025391
1 0.589063 0.650391 0.015625 0.031250
1 0.549219 0.608398 0.010937 0.025391
1 0.571094 0.610352 0.010937 0.033203
1 0.573438 0.582031 0.009375 0.031250
1 0.585156 0.553711 0.010937 0.033203
1 0.595313 0.549805 0.012500 0.033203
1 0.830469 0.468750 0.010937 0.031250
1 0.836719 0.464844 0.010937 0.027344
1 0.917969 0.449219 0.010937 0.027344
1 0.917188 0.437500 0.009375 0.031250
1 0.929688 0.446289 0.009375 0.025391
1 0.949219 0.454102 0.007812 0.025391
1 0.955469 0.452148 0.007812 0.029297
1 0.929688 0.391602 0.009375 0.021484
1 0.921094 0.387695 0.007812 0.021484
1 0.925781 0.390625 0.007812 0.023438
1 0.922656 0.341797 0.004687 0.019531
1 0.928125 0.343750 0.006250 0.019531
1 0.939063 0.348633 0.009375 0.021484
1 0.967187 0.340820 0.009375 0.021484
1 0.978125 0.342773 0.009375 0.025391
1 0.973437 0.311523 0.009375 0.021484
1 0.988281 0.302734 0.010937 0.023438
1 0.974219 0.239258 0.007812 0.021484
1 0.980469 0.251953 0.007812 0.019531
1 0.833594 0.277344 0.010937 0.023438
1 0.861719 0.300781 0.007812 0.023438
1 0.870313 0.300781 0.006250 0.027344
1 0.875000 0.302734 0.006250 0.027344
1 0.883594 0.280273 0.007812 0.025391
1 0.887500 0.286133 0.006250 0.021484
1 0.894531 0.285156 0.007812 0.023438
1 0.807031 0.401367 0.007812 0.021484
1 0.810156 0.393555 0.004687 0.021484
1 0.815625 0.392578 0.006250 0.019531
1 0.820312 0.395508 0.006250 0.025391
1 0.823438 0.401367 0.006250 0.025391
1 0.703906 0.395508 0.010937 0.025391
1 0.627344 0.375977 0.010937 0.025391
1 0.688281 0.323242 0.007812 0.025391
1 0.692969 0.326172 0.007812 0.027344
1 0.660156 0.404297 0.007812 0.031250
1 0.650781 0.399414 0.010937 0.017578
1 0.654687 0.383789 0.009375 0.021484
1 0.639844 0.378906 0.007812 0.023438
1 0.700000 0.261719 0.006250 0.023438
1 0.706250 0.260742 0.006250 0.021484
1 0.727344 0.250977 0.010937 0.013672
1 0.742188 0.222656 0.006250 0.023438
1 0.746875 0.221680 0.006250 0.025391
1 0.751563 0.225586 0.006250 0.021484
1 0.743750 0.200195 0.006250 0.017578
1 0.750781 0.200195 0.007812 0.017578
1 0.836719 0.093750 0.007812 0.019531
1 0.889844 0.152344 0.007812 0.023438
1 0.897656 0.152344 0.007812 0.023438
1 0.902344 0.121094 0.004687 0.023438
1 0.903125 0.117188 0.006250 0.023438
1 0.910937 0.122070 0.006250 0.021484
1 0.949219 0.205078 0.007812 0.019531
1 0.954688 0.206055 0.006250 0.017578
1 0.383594 0.458008 0.010937 0.025391
1 0.156250 0.489258 0.012500 0.025391
1 0.715625 0.727539 0.012500 0.029297
1 0.739844 0.249023 0.007812 0.017578
1 0.640625 0.381836 0.009375 0.025391
