1 0.685156 0.936523 0.007812 0.029297
1 0.690625 0.938477 0.009375 0.029297
1 0.697656 0.942383 0.007812 0.029297
1 0.707031 0.943359 0.007812 0.027344
1 0.756250 0.719727 0.009375 0.029297
1 0.738281 0.712891 0.014063 0.019531
1 0.777344 0.701172 0.010937 0.031250
1 0.790625 0.728516 0.009375 0.027344
1 0.800781 0.722656 0.010937 0.027344
1 0.840625 0.687500 0.009375 0.031250
1 0.875000 0.704102 0.009375 0.029297
1 0.876563 0.743164 0.009375 0.029297
1 0.882031 0.708008 0.010937 0.025391
1 0.756250 0.787109 0.015625 0.027344
1 0.746875 0.748047 0.015625 0.027344
1 0.710156 0.716797 0.010937 0.027344
1 0.696094 0.703125 0.010937 0.027344
1 0.698438 0.692383 0.012500 0.029297
1 0.742188 0.694336 0.015625 0.025391
1 0.592187 0.669922 0.015625 0.031250
1 0.552344 0.625977 0.010937 0.025391
1 0.571094 0.625977 0.010937 0.033203
1 0.575000 0.597656 0.009375 0.031250
1 0.586719 0.571289 0.010937 0.033203
1 0.596875 0.563477 0.012500 0.033203
1 0.832031 0.480469 0.010937 0.031250
1 0.839844 0.474609 0.010937 0.027344
1 0.924219 0.458984 0.010937 0.027344
1 0.923438 0.449219 0.009375 0.031250
1 0.932813 0.458008 0.009375 0.025391
1 0.953906 0.463867 0.007812 0.025391
1 0.961719 0.465820 0.007812 0.029297
1 0.934375 0.399414 0.009375 0.021484
1 0.924219 0.397461 0.007812 0.021484
1 0.928906 0.398438 0.007812 0.023438
1 0.927344 0.353516 0.004687 0.019531
1 0.931250 0.353516 0.006250 0.019531
1 0.939063 0.356445 0.009375 0.021484
1 0.970313 0.348633 0.009375 0.021484
1 0.982812 0.352539 0.009375 0.025391
1 0.976562 0.321289 0.009375 0.021484
1 0.992969 0.308594 0.010937 0.023438
1 0.977344 0.243164 0.007812 0.021484
1 0.983594 0.253906 0.007812 0.019531
1 0.836719 0.283203 0.010937 0.023438
1 0.864844 0.308594 0.007812 0.023438
1 0.873437 0.310547 0.006250 0.027344
1 0.878125 0.308594 0.006250 0.023438
1 0.886719 0.290039 0.007812 0.025391
1 0.890625 0.295898 0.006250 0.021484
1 0.897656 0.291016 0.007812 0.023438
1 0.810156 0.409180 0.007812 0.021484
1 0.702344 0.409180 0.010937 0.025391
1 0.627344 0.385742 0.010937 0.025391
1 0.691406 0.331055 0.007812 0.025391
1 0.694531 0.333984 0.007812 0.027344
1 0.661719 0.412109 0.007812 0.031250
1 0.652344 0.407227 0.010937 0.017578
1 0.656250 0.391602 0.009375 0.021484
1 0.641406 0.388672 0.007812 0.023438
1 0.700000 0.269531 0.006250 0.023438
1 0.706250 0.270508 0.006250 0.021484
1 0.730469 0.258789 0.010937 0.013672
1 0.839844 0.099609 0.007812 0.019531
1 0.894531 0.160156 0.007812 0.023438
1 0.900781 0.160156 0.007812 0.023438
1 0.953906 0.214844 0.007812 0.019531
1 0.959375 0.213867 0.006250 0.017578
1 0.157812 0.499023 0.012500 0.025391
1 0.720313 0.749023 0.012500 0.029297
1 0.648438 0.391602 0.009375 0.025391
1 0.814063 0.408203 0.006250 0.023438
1 0.821094 0.406250 0.004687 0.027344
1 0.827344 0.408203 0.007812 0.019531
1 0.742969 0.255859 0.007812 0.023438
1 0.743750 0.230469 0.006250 0.019531
1 0.750000 0.228516 0.006250 0.023438
1 0.755469 0.232422 0.007812 0.019531
1 0.745313 0.208984 0.006250 0.019531
1 0.750000 0.208008 0.006250 0.017578
1 0.906250 0.126953 0.009375 0.023438
1 0.914062 0.126953 0.009375 0.023438
